        p_n = [
%            1.4142; %%%% this isn't mode - this is zero of numerator of A1
           1.3592;
           1.1691;
           1.1161
          ]; %%%k_0 = pi / 2 / 2; EE1 = 2, a_0 = (3.8317)./ (k_0 * q_0);
    p_n = [
%            3.162; %%%% this isn't mode - this is zero of numerator of A1
           3.08945;
           2.8356;
           2.7446;
           2.2196;
           1.97;
           1.010359864
          ]; %%%k_0 = pi/2/2; EE1=10, GG1=-1e-8, a_0=2.4048./(k_0 * q_0);m=1
%     p_n = [
%            3.162; %%%% this isn't mode - this is zero of numerator of A1
%            3.08945;
%            2.8356;
%            2.7446;
%            2.2196;
%            1.97;
%            1.010359864
%           ]; %%%k_0 = pi/2/2; EE1=10, GG1=-1e-8, HH1 = 10; a_0=2.4048./(k_0 * q_0);m=1
%     p_n = [
%            3.2425;
%            2.995;
%            2.9109;
%            2.6623;
%            2.2312;
%            1.9489;
%            1.001061;
% %            0.15811*1i;
% %           -0.15811*1i;
%           ]; %%%k_0 = pi/2/2; EE1=10, GG1=-1, a_0=2.4048./(k_0 * q_0);m=1
%     p_n = [
%            3.2378;
%            2.8910;
% %            3.000;
%            2.6353;
%            2.2119;
%            1.8061;
%            1.00000088;
%           ]; %%%k_0 = pi/2/2; EE1=10, GG1=-1, HH1=9, a_0=2.4048./(k_0 * q_0);m=1
%     p_n = [
%            3.2568;
% %            3.0984 + 0.7746*1i;%%% - Pcin
% %            3.0984 - 0.7746*1i;%%% - Pcin
% %            3.001;
%            2.7184;
%            2.4772;
%            2.1476;
%            1.5515
%           ]; %%%k_0 = pi/2/2; EE1=10, GG1=-1, HH1=15, a_0=2.4048./(k_0 * q_0);m=1
% p_n = [
%            3.2641;
% %            3.0984 + 0.7746*1i;%%% - Pcin
% %            3.0984 - 0.7746*1i;%%% - Pcin
%            3.0455;
%            2.7358;
%            2.6615;
%            2.1641;
%            2.0568;
%            1.0704
%           ]; %%%k_0 = pi/2/2; EE1=10, GG1=-1, HH1=20, a_0=2.4048./(k_0 * q_0);m=1


% p_n = [
% %            -0.15811*1i;%%% - Pcin
% %             0.15811*1i;%%% - Pcin
% 4.283196633153368e-02 - 1.318270074346024e+02i;
% 4.283196633153368e-02 + 1.318270074346024e+02i;
% 4.282766441245555e-02 - 1.272068349918370e+02i;
% 4.282766441245555e-02 + 1.272068349918370e+02i
% 4.282673988234170e-02 - 1.262827881550921e+02i;
% 4.282673988234170e-02 + 1.262827881550921e+02i;
% 4.282580558077287e-02 - 1.253587369846573e+02i;
% 4.282580558077287e-02 + 1.253587369846573e+02i
% 4.282485087537637e-02 - 1.244346813874249e+02i;
% 4.282485087537637e-02 + 1.244346813874249e+02i;
% 
% 0.0410823433814400 - 23.5708889680842i;
% 0.0410823433814400 + 23.5708889680842i;
% 0.0409314382477890 - 22.6383340744954i;
% 0.0409314382477890 + 22.6383340744954i;
% 0.0407607387665420 - 21.7050264783638i;
% 0.0407607387665420 + 21.7050264783638i;
%            0.0405665910869271 - 20.7708647136093i;
%            0.0405665910869271 + 20.7708647136093i;
%            0.0403444692890845 - 19.8357281306994i;
%            0.0403444692890845 + 19.8357281306994i;
%            0.040088706447052 - 18.899472036768564i;
%            0.040088706447052 + 18.899472036768564i;
%            0.0394453748948651 - 17.0228623839956i;
%            0.0394453748948651 + 17.0228623839956i;
%            0.0390365209955408 - 16.0820308078492i;
%            0.0390365209955408 + 16.0820308078492i;
%            0.0385495708747211 - 15.1390962998362i;
%            0.0385495708747211 + 15.1390962998362i;           
%            0.0379631005327270 - 14.1936398992956i;
%            0.0379631005327270 + 14.1936398992956i;
%            0.0372476522918550 - 13.2451217781968i;
%            0.0372476522918550 + 13.2451217781968i;
%            0.03636-12.29283*1i;
%            0.03636+12.29283*1i;
%            0.035246-11.3358*1i;
%            0.035246+11.3358*1i;
%            0.03381-10.37279*1i;
%            0.03381+10.37279*1i;
%            0.03192-9.4018886*1i;
%            0.03192+9.4018886*1i;
%            0.0293574-8.42039*1i;
%            0.0293574+8.42039*1i;           
%            0.025738-7.42411*1i; 
%            0.025738+7.42411*1i;
%            0.020371-6.40619*1i;
%            0.020371+6.40619*1i;
%            0.011847-5.35438*1i;
%            0.011847+5.35438*1i;
%            
% %            3.3166;
%            2.976758868
%            2.92359;
%            2.6058;
%            2.2994;
%            1.8816;
%            1.03485520;
%           ]; %%%k_0 = pi/2/2; EE1=10, GG1=1, HH1=10, a_0=2.4048./(k_0 * q_0);m=1



      
      
% p_n = [
%            3.316624789473947;
%            2.883357032980424;
%            2.252465861605487;
%            2.213612519583351;
%            1.005809965824861;
%           ]; %%%k_0 = pi/2/2; EE1=10, GG1=1, HH1=5, a_0=2.4048./(k_0 * q_0);m=1
      
% p_n = [
% %         1i*0.1768;
%         1.5811;
%         1.1249;
%         1.0038;
%       ]; %%%k_0 = pi/2/2; EE1=2, GG1=0.5, HH1=2, a_0=2.4048./(k_0 * q_0);m=1


% p_n = [
% %            -0.15811*1i;%%% - Pcin
% %             0.15811*1i;%%% - Pcin
%            
%            1.04098543799533;
%            1.75923219869965;
%            2.35796402811655;
%            2.49163936770633;
%            2.75721254907338;
%            3.11387701963996;
%            3.46410161368439;
%            
%     0.0615+1i*2.9884;
%     0.1183+1i*4.2297;
%     0.1425+1i*5.3448;
%     0.1554+1i*6.3990;
%     0.1632+1i*7.4184;
%     0.1683+1i*8.4157;
%     0.1719+1i*9.3978;
%     0.1745+1i*10.3692;
%     0.1765+1i*11.3327;
%     0.1780+1i*12.2900;
%     0.1792+1i*13.2425;
%     0.1802+1i*14.1912;
%     0.1810+1i*15.1369;
%     0.1817+1i*16.0800;
%         0.0615-1i*2.9884;
%     0.1183-1i*4.2297;
%     0.1425-1i*5.3448;
%     0.1554-1i*6.3990;
%     0.1632-1i*7.4184;
%     0.1683-1i*8.4157;
%     0.1719-1i*9.3978;
%     0.1745-1i*10.3692;
%     0.1765-1i*11.3327;
%     0.1780-1i*12.2900;
%     0.1792-1i*13.2425;
%     0.1802-1i*14.1912;
%     0.1810-1i*15.1369;
%     0.1817-1i*16.0800;    
%    0.1822+17.0209i;
%    0.1827+17.9601i;
%    0.1831+18.8977i;
%    0.1834+19.8341i;
%    0.1837+20.7693i;
%    0.1840+21.7035i;
%    0.1842+22.6369i;
%    0.1844+23.5695i;
%    0.1846+24.5015i;
%    0.1847+25.4328i;
%    0.1849+26.3636i;
%    0.1850+27.2940i;
%    0.1851+28.2239i;
%    0.1852+29.1534i;
%    0.1853+30.0825i;
%    0.1854+31.0113i;
%    0.1855+31.9399i;
%    0.1856+32.8682i;
%    0.1856+33.7962i;
%    0.1857+34.7240i;
%    0.1857+35.6515i;
%    0.1858+36.5789i;
%    0.1858+37.5061i;
%    0.1859+38.4332i;
%    0.1859+39.3601i;
%    0.1860+40.2868i;
%    0.1860+41.2134i;
%    0.1860+42.1399i;
%    0.1861+43.0663i;
%    0.1861+43.9925i;
%    0.1861+44.9187i;
%    0.1862+45.8447i;
%    0.1862+46.7707i;
%    0.1862+47.6966i;
%    0.1862+48.6224i;
%    0.1863+49.5481i;
%    0.1863+50.4738i;
%    0.1863+51.3993i;
%    0.1863+52.3248i;
%    0.1863+53.2503i;
%    0.1863+54.1757i;
%    0.1864+55.1010i;   
%       0.1822-17.0209i;
%    0.1827-17.9601i;
%    0.1831-18.8977i;
%    0.1834-19.8341i;
%    0.1837-20.7693i;
%    0.1840-21.7035i;
%    0.1842-22.6369i;
%    0.1844-23.5695i;
%    0.1846-24.5015i;
%    0.1847-25.4328i;
%    0.1849-26.3636i;
%    0.1850-27.2940i;
%    0.1851-28.2239i;
%    0.1852-29.1534i;
%    0.1853-30.0825i;
%    0.1854-31.0113i;
%    0.1855-31.9399i;
%    0.1856-32.8682i;
%    0.1856-33.7962i;
%    0.1857-34.7240i;
%    0.1857-35.6515i;
%    0.1858-36.5789i;
%    0.1858-37.5061i;
%    0.1859-38.4332i;
%    0.1859-39.3601i;
%    0.1860-40.2868i;
%    0.1860-41.2134i;
%    0.1860-42.1399i;
%    0.1861-43.0663i;
%    0.1861-43.9925i;
%    0.1861-44.9187i;
%    0.1862-45.8447i;
%    0.1862-46.7707i;
%    0.1862-47.6966i;
%    0.1862-48.6224i;
%    0.1863-49.5481i;
%    0.1863-50.4738i;
%    0.1863-51.3993i;
%    0.1863-52.3248i;
%    0.1863-53.2503i;
%    0.1863-54.1757i;
%    0.1864-55.1010i;
%           ]; %%%k_0 = pi/2/2; EE1=10, GG1=2, HH1=10, a_0=2.4048./(k_0 * q_0);m=1
      
% p_n = [
% %            -1.005089618406564*1i;%%% - Pcin
