%high-hybrid range
p_n = [
%     0.366597008809979;
      0.619181869070706-1i*0.591438127012275;
      0.619181869070706+1i*0.591438127012275;
      0.498062968575176-1i*0.472719493848273;
      0.498062968575176+1i*0.472719493848273;
      0.674005228292527-1i*0.689357711964318;
      0.674005228292527+1i*0.689357711964318;
    1.141947948188107;
    1.68915071820568;
    2.14090424202939;
    2.56463558739235;
    2.97506258941018;
    3.37787970882855;
    3.77585618634560;
    4.17053066338463;
    4.56283745860973;
    4.95338159528602;
    5.34257425979748;
    5.73070574015897;
    6.11798738012389;
    6.50457724024589;
    6.89059584228876;
    7.27613699872552;
    7.66127483875117;
    8.04606855345170;
    8.43056638310649;
    8.81480790105438;
    9.19882576748307;
    9.58264719920740;
    9.96629533809009;
    10.3497897452016;
    10.7331469758537;
    11.1163814118966;
    11.4995055579991;
    11.8825300310249;
    12.2654645043820;
    12.6483167618584;
    13.0310946111556;
    13.4138041901900;
    13.7964512746406;
    14.1790409530233;
    14.5615777550380;
    14.9440658353294;
    15.3265086412781;
    15.7089098354190;
    16.0912721701282;
    16.4735983088417;
    16.8558909311960;
    17.2381521793848;
    17.6203840584578;
    18.0025885274078;
    18.3847671872750;
    18.7669217431480;
    19.1490534111979;
    19.5311637804735;
    19.9132540619491;
    20.2953252785951;
%     20.6773785578054;
%     21.0594149926556;
%     21.4414350780675;
%     21.8234401966635;
%     22.2054307793868;
%     22.5874077921473;
%     22.9693718237031;
%     23.3513231092063;
%     23.7332628989028;
%     24.1151914536903;
%     24.4971091337626;
%     24.8790167744634;
%     25.2609147177588;
%     25.6428032865987;
%     26.0246830489536;
%     26.4065541704699;
%     26.7884173057544;
%     27.1702728576925;
%     27.5521203600051;
%     27.9339609671280;
%     28.3157946603786;
%     28.6976218757735;
%     29.0794428115972;
%     29.4612574846632;
%     29.8430661313669;
%     30.2248692967289;
%     30.6066671140148;
%     30.9884595883368;
%     31.3702472619437;31.7520297508671;32.1338077013157;32.5155812897306;32.8973503665847;33.2791150081886;33.6608760646748;34.0426328506529;34.4243860088778;34.8061353833119;35.1878812639123;35.5696239547304;35.9513624677683;36.3330986137529;36.7148311223647;37.0965613418255;37.4782876927883;37.8600117972623;38.2417328896771;38.6234514343273;39.0051676060146;39.3868806776551;39.7685917003905;40.1503001627179;40.5320062690511;
%     40.9137104599613;41.2954121267443;41.6771116454108
    ];
% p_n = [p_n;[42.0588095119258;42.4405048188740;42.8221987999509;43.2038902029202;43.5855799695137;43.9672682828852;44.3489544543431;44.7306387532941;45.1123132721456;45.4939939302080;45.8756737237196;46.2573520146929;46.6390281517648;47.0207033349849;47.4023768658602;47.7840494375851;48.1657199458391;48.5473894979005;48.9290576329872;49.3107245806944;49.6923898651557;50.0740550859816;50.4557176427625;50.8373799721578;51.2190414445370;51.6007008111656;51.9823593709839;52.3640172525327;52.7456741469209;53.1273292700465;53.5089841217674;53.8906378862527;54.2722905352648;54.6539420852260;55.0355932704814;55.4172429242652;55.7988920842684;56.1805400364417;56.5621874752209;56.9438339914595;57.3254799228497;57.7071246248234]];
% p_n = [p_n;[58.0887687561997;58.4704127725407;58.8520547518603;59.2336966847409;59.6153378822908;59.9969785355641;60.3786183238161;60.7602569563095;61.1418959047300;61.5235330325044;61.9051703497797;62.2868071051824;62.6684428342730;63.0500780328103;63.4317130332939;63.8133468806360;64.1949803592012;64.5766132656361;64.9582455488099;65.3398772322292;65.7215086891155;66.1031394488965;66.4847697306046;66.8663993362416;67.2480287254849;67.6296572426101;68.0112852641015;68.3929135806011;68.7745406205516;69.1561676093646;69.5377940062533;69.9194203113748;70.3010452095161;70.6826707555979;71.0642954513084;71.4459191547712;71.8275433077349;72.2091665325671;72.5907894942343;72.9724122068524;73.3540345125840;73.7356562351658;74.1172781460401;74.4988990694290;74.8805196451346;75.2621400416296;75.6437602358774;76.0253798489397;76.4069997607711;76.7886182815907;77.1702369361875;77.5518557322479;77.9334736133052;78.3150912822027;78.6967083155496;79.0783255959433;79.4599423192218;79.8415583444945;80.2231752059368;80.6047910062948;80.9864074781688;81.3680218220882;81.7496370600726;82.1312520252327;82.5128665974666;82.8944808692531;83.2760947908929;83.6577083490913;84.0393223509981;84.4209351133780;84.8025484747042;85.1841608484859;85.2888560549752;85.3111478694696;85.3187597371941;85.3222936655464;85.3888560534851;85.4445841426556;85.4777065125302;85.4888560519950;85.5111433665307;85.6111433665307;85.6445847234701;85.8111456180002;85.9111456180002;86.0111456180002;86.1111456180002;86.2111456180002;86.3111456180002;86.4111456180002;86.5111456180002;86.6111456180002;86.7111456180002;86.8111456180002;86.9111456180002;87.0111456180002;87.1111456180002;87.2111456180002;87.3111456180002;87.4111456180002;87.5111456180002;87.6111456180002;87.7111456180002;87.8111456180002;87.9111456180002;88.0111456180002;88.1111456180002;88.2111456180002;88.3111456180002;88.4111456180002;88.5111456180002;88.6111456180002;88.7111456180002;88.8111456180002;88.9111456180002;89.0111456180002;89.1111456180002;89.2111456180002;89.3111456180002;89.4111456180002;89.5111456180002;89.6111456180002;89.7111456180002;89.8111456180002;89.9111456180002;90.0111456180002;90.1111456180002;90.2111456180002;90.3111456180002;90.4111456180002;90.5111456180002;90.6111456180002;90.7111456180002;90.8111456180002;90.9111456180002;91.0111456180002;91.1111456180002;91.2111456180002;91.3111456180002;91.4111456180002;91.5111456180002;91.6111456180002;91.7111456180002;91.8111456180002;91.9111456180002;92.0111456180002;92.1111456180002;92.2111456180002;92.3111456180002;92.4111456180002;92.5111456180002;92.6111456180002;92.7111456180002;92.8111456180002;92.9111456180002;93.0111456180002;93.1111456180002;93.2111456180002;93.3111456180002;93.4111456180002;93.5111456180002;93.6111456180002;93.7111456180002;93.8111456180002;93.9111456180002;94.0111456180002;94.1111456180002;94.2111456180002;94.3111456180002;94.4111456180002;94.5111456180002;94.6111456180002;94.7111456180002;94.8111456180002;94.9111456180002;95.0111456180002;95.1111456180002;95.2111456180002;95.3111456180002;95.4111456180002;95.5111456180002;95.6111456180002;95.7111456180002;95.8111456180002;95.9111456180002;96.0111456180002;96.1111456180002;96.2111456180002;96.3111456180002;96.4111456180002;96.5111456180002;96.6111456180002;96.7111456180002;96.8111456180002;96.9111456180002;97.0111456180002;97.1111456180002;97.2111456180002;97.3111456180002;97.4111456180002;97.5111456180002;97.6111456180002;97.7111456180002;97.8111456180002;97.9111456180002;98.0111456180002;98.1111456180002;98.2111456180002;98.3111456180002;98.4111456180002;98.5111456180002;98.6111456180002;98.7111456180002;98.8111456180002;98.9111456180002;99.0111456180002;99.1111456180002;99.2111456180002;99.3111456180002;99.4111456180002;99.5111456180002;99.6111456180002;99.7111456180002;99.8111456180002]];
% w_0    = 0.995*w_UH;% upper-hybrid range; w_p/w_H = 6.9457 (n_e = 3e12); w_H * a_0 / c = 1.1722; m = 1



