%     p_n = [
% %            1.4142; %%%% this isn't mode - this is zero of numerator of A1
%            1.2911
%           ]; %%%k_0 = pi / 2 / 2; EE1 = 2, a_0 = ( 2.4048)./ (k_0 * q_0);

%     p_n = [
%     %            1.4142; %%%% this isn't mode - this is zero of numerator of A1
%           1.0225
%           ]; %%%a_0 = 4.330161354189217;k_0 = 0.2 *(2*pi)/a_0; EE1 = 2;

    p_n = [
% %            1.4142; %%%% this isn't mode - this is zero of numerator of A1
           1.2911
          ]; %%%a_0 = 4.330161354189217;k_0 = 0.541270169273652 *(2*pi)/a_0; EE1 = 2;

%     p_n = [
%     %            1.4142; %%%% this isn't mode - this is zero of numerator of A1
%           1.2145;
%           1.2505;
%           1.3779
%           ]; %%%a_0 = 4.330161354189217;  k_0 = 1.085 * (2*pi)/a_0; EE1 = 2;   

%      p_n = [
%     %            1.4142; %%%% this isn't mode - this is zero of numerator of A1
%           1.1305;
%           1.1579;
%           1.3027;
%           1.3212;
%           1.3937
%           ]; %%%a_0 = 4.330161354189217;  k_0 = 1.4787 * (2*pi)/a_0; EE1 = 2; 
     
%       p_n = [
% %            1.4142; %%%% this isn't mode - this is zero of numerator of A1
%            1.3592;
%            1.1691;
%            1.1161
%           ]; %%%k_0 = pi / 2 / 2; EE1 = 2, a_0 = (3.8317)./ (k_0 * q_0);

    p_n = [
%            3.162; %%%% this isn't mode - this is zero of numerator of A1
           3.08945;
           2.8356;
           2.7446;
           2.2196;
           1.97;
           1.010359864
          ]; %%%a_0 = 4.330161354189217;k_0 = 0.541270169273652 *(2*pi)/a_0; EE1 = 10; m=1

%     p_n = [
% %            3.162; %%%% this isn't mode - this is zero of numerator of A1
% 
% 3.152056861656940;
% 3.115821428320750;
% 3.107738095715933;
% 3.036922752282639;
% 3.025465396610733;
% 2.92043715457240;
% 2.901692577514356;
% 2.761648144562371;
% 2.7311;           
% 2.5530;
% 2.5046;
%            2.2818;
%            2.2059;           
%            1.9240;
%            1.8027;           
%            1.4249;
%            1.2318
%           ]; %%%a_0 = 4.330161354189217;k_0 =  1.4787 *(2*pi)/a_0; EE1 = 10; m=1
 

%      p_n = [
%             116.2504738310825;
%             
% %             - 1i*1.033325776591787;
%             0.765633100083039 - 1i*0.520859453225878;
%             0.765633100083039 + 1i*0.520859453225878;
%             
%             8.842381692467620 - 1i*35.237673871495800;
%             8.842381692467620 + 1i*35.237673871495800;            
%             10.514374820336549 - 1i*60.785973063475410;
%             10.514374820336549 + 1i*60.785973063475410;
%             11.385122142790323 - 1i*85.770669650695870;
%             11.385122142790323 + 1i*85.770669650695870;
%             
% %             11.8923046808479 - 110.480996138969i;
% %             11.8923046808479 + 110.480996138969i;
% %             12.2084692208557 - 135.018643711883i;
% %             12.2084692208557 + 135.018643711883i;
% %             12.4162649055616 - 159.438853739502i;
% %             12.4162649055616 + 159.438853739502i;
% %             12.5589403978755 - 183.776073356888i;
% %             12.5589403978755 + 183.776073356888i;
% %             12.6605615219730 - 208.052963512200i;
% %             12.6605615219730 + 208.052963512200i;
% %             12.7352165989147 - 232.284919412175i;
% %             12.7352165989147 + 232.284919412175i;
% %             12.7915228699989 - 256.482676550282i;
% %             12.7915228699989 + 256.482676550282i;
% %             12.8349570070832 - 280.653898019426i;
% %             12.8349570070832 + 280.653898019426i;
% %             12.8691185997720 - 304.804171642197i;
% %             12.8691185997720 + 304.804171642197i;
% %             12.8964443825557 - 328.937652087527i;
% %             12.8964443825557 + 328.937652087527i;
% %             
% %             12.9186274210258 - 353.057483551664i;
% %             12.9186274210258 + 353.057483551664i;
% %             12.9368715009142 - 377.166084056490i;
% %             12.9368715009142 + 377.166084056490i;
% %             12.9520502581566 - 401.265340494502i;
% %             12.9520502581566 + 401.265340494502i;
% %             12.9648094456700 - 425.356744851312i;
% %             12.9648094456700 + 425.356744851312i;
% %             12.9756343095001 - 449.441491191687i;
% %             12.9756343095001 + 449.441491191687i;
% %             12.9848949279786 - 473.520545629338i;
% %             12.9848949279786 + 473.520545629338i;
% %             12.9928773377708 - 497.594697761266i;
% %             12.9928773377708 + 497.594697761266i;
% %             12.9998053599177 - 521.664598825161i;
% %             12.9998053599177 + 521.664598825161i;
% %             13.0058560867182 - 545.730790515671i;
% %             13.0058560867182 + 545.730790515671i;
% %             13.0111710758198 - 569.793726883961i;
% %             13.0111710758198 + 569.793726883961i;
% %             
% %             13.0158645398458 - 593.853791300545i;
% %             13.0158645398458 + 593.853791300545i;
% %             13.0200294170243 - 617.911309550024i;
% %             13.0200294170243 + 617.911309550024i;
% %             13.0237419797150 - 641.966560246191i;
% %             13.0237419797150 + 641.966560246191i;
% %             13.0270652394098 - 666.019782981737i;
% %             13.0270652394098 + 666.019782981737i;
% %             13.0300516353084 - 690.071184919806i;
% %             13.0300516353084 + 690.071184919806i;
% %             13.0327451146689 - 714.120946056968i;
% %             13.0327451146689 + 714.120946056968i;
% %             13.0351826579472 - 738.169223521268i;
% %             13.0351826579472 + 738.169223521268i;
% %             13.0373956434232 - 762.216155093801i;
% %             13.0373956434232 + 762.216155093801i;
% %             13.0394107603054 - 786.261862060720i;
% %             13.0394107603054 + 786.261862060720i;
% %             13.0412508725981 - 810.306451629686i;
% %             13.0412508725981 + 810.306451629686i
%           ]; %%%a_0 = 100;k_0 = 0.0013; EE1 = -1.067762165078726; m=1 

      
      
%      p_n = [
%             1.960797440423686e+02;
%             
%             0.395237144491623 - 1i*0.691615319751845;
%             0.395237144491623 + 1i*0.691615319751845;            
%             8.947966127254897 - 1i*35.390906310537616;            
%             8.947966127254897 + 1i*35.390906310537616;
%             10.862805689767454 - 1i*61.123926138626830;            
%             10.862805689767454 + 1i*61.123926138626830;
%             12.004225489033970 - 1i*86.401311989384680;
%             12.004225489033970 + 1i*86.401311989384680;            
%             12.766201327658940 - 1i*1.114917996675314e+02;
%             12.766201327658940 + 1i*1.114917996675314e+02;
%             13.302339876016436 - 1i*1.364678384297403e+02;
%             13.302339876016436 + 1i*1.364678384297403e+02;            
%             13.692162094610572 - 1i*1.613608867556204e+02;
%             13.692162094610572 + 1i*1.613608867556204e+02;            
%             13.982661956502428 - 1i*1.861893830648756e+02;
%             13.982661956502428 + 1i*1.861893830648756e+02;            
%             14.203624848322688 - 1i*2.109661418221525e+02;
%             14.203624848322688 + 1i*2.109661418221525e+02;            
%             14.374735557801792 - 1i*2.357008195098485e+02;
%             14.374735557801792 + 1i*2.357008195098485e+02;            
%             14.509384116234141 - 1i*2.604009529299491e+02;
%             14.509384116234141 + 1i*2.604009529299491e+02;
%             14.6168867209518 - 1i*285.072518245339;
%             14.6168867209518 + 1i*285.072518245339;
%             14.7038513691743 - 1i*309.720295035410;            
%             14.7038513691743 + 1i*309.720295035410;
%             14.7750467004531 - 1i*334.348130175319;
%             14.7750467004531 + 1i*334.348130175319;
%             14.8339688781038 - 1i*358.959137830391;
